Datum,verschil_Lengte,verschil_Gewicht,verschil_6 MWT,verschil_TUG,verschil_BMI,verschil_Conditie,verschil_Lenigheid,verschil_Knijpkracht,verschil_dagen,Geslacht,age,Gemeente
2019-08-16,0.0,-3.9000000000000057,48.0,-1.1300000000000008,-1.273469389999999,0.07047529000000008,-9.0,9.3,0.0,M,77,Sittard-Geleen
2019-01-28,0.0,0.5,5.0,-1.9300000000000006,0.16891761999999844,0.01673289,11.0,-1.2000000000000028,0.0,V,66,Sittard-Geleen
2019-04-02,0.0,-4.0,71.0,0.40000000000000036,-1.4793355600000027,0.1339298699999999,25.0,-0.6000000000000014,0.0,V,78,Sittard-Geleen
2019-06-07,0.0,-3.5999999999999943,141.0,-0.040000000000000036,-1.0294832500000055,0.19557573000000006,5.5,1.7000000000000028,0.0,M,60,Roermond
2019-08-16,0.0,-0.7999999999999972,65.0,-1.3400000000000007,-0.2735884499999983,0.09185855999999992,6.0,4.100000000000001,0.0,M,51,Stein
2020-02-28,0.0,-2.5,35.0,0.0,-0.8276380799999998,0.047372670000000006,0.0,0.19999999999999574,0.0,M,51,Roermond
2019-08-16,0.0,0.30000000000001137,65.0,1.71,0.09007318000000097,0.09539542000000001,-14.0,-0.20000000000000284,0.0,M,70,Sittard-Geleen
2019-08-16,0.0,-2.299999999999997,93.0,-2.0900000000000007,-0.8005499399999962,0.15581731,4.0,3.8999999999999986,0.0,V,69,Sittard-Geleen
2019-08-16,0.0,-1.5,46.0,1.4099999999999993,-0.5859375,0.08475045000000003,0.0,1.5,0.0,V,71,Sittard-Geleen
2019-08-16,0.0,-2.4000000000000057,18.0,0.9000000000000004,-0.840306720000001,0.021488839999999954,-1.0,4.199999999999999,0.0,V,51,Sittard-Geleen
2019-08-16,0.0,2.200000000000003,11.0,0.8299999999999992,0.9585116900000017,0.031072309999999992,-10.0,2.1999999999999993,0.0,V,72,Sittard-Geleen
2019-08-16,0.0,-1.2000000000000028,76.0,-0.1299999999999999,-0.4594736800000021,-0.005749349999999986,2.5,3.0,0.0,V,29,Sittard-Geleen
2019-08-16,0.0,-0.7999999999999972,37.0,-0.34999999999999964,-0.3125,0.05788860000000007,0.0,3.5,0.0,V,56,Sittard-Geleen
2019-08-16,0.0,-2.0999999999999943,87.0,-0.5800000000000001,-0.7352683800000008,0.13863482000000005,-10.5,0.0,0.0,V,66,Sittard-Geleen
2020-03-11,0.0,-0.5,99.0,-0.71,-0.16629218000000634,0.13039548,20.0,-12.599999999999998,-670.0,V,37,Stein
2022-04-05,0.0,-33.7,117.0,-2.5,-13.147622839999997,0.12375018999999998,5.25,-3.599999999999998,0.0,V,67,Roermond
2022-01-10,0.0,-1.2000000000000028,-40.0,-0.25,-0.41767822999999993,-0.07027716000000006,-2.75,1.0,0.0,M,69,Roerdalen
2022-01-13,0.0,-0.20000000000000284,4.0,1.0,-0.07086168000000015,0.006310039999999906,1.0,1.0,0.0,V,58,Sittard-Geleen
2022-01-13,0.0,-0.7999999999999972,-7.0,-0.5800000000000001,-0.29031790000000157,-0.013362089999999993,5.25,-7.0,0.0,V,61,Sittard-Geleen
2022-01-13,0.0,2.0,10.0,0.05999999999999961,0.7390914699999982,0.02111668,-0.5,0.0,0.0,V,57,Sittard-Geleen
2022-01-13,0.0,-7.400000000000006,80.0,-1.0,-2.3355637000000016,0.09254423999999994,-2.0,-4.0,0.0,M,35,Sittard-Geleen
2022-01-04,0.0,-1.7000000000000028,65.0,-0.54,-0.5365484200000026,0.09507820999999994,-1.5,-3.0,-9.0,M,60,Sittard-Geleen
2022-01-13,0.0,0.5,-20.0,1.54,0.20156210999999757,-0.03491273000000006,-1.0,8.0,0.0,M,69,Sittard-Geleen
2022-01-13,0.0,-1.9000000000000057,-16.0,0.2999999999999998,-0.6613238699999968,-0.035575799999999935,-3.0,2.0,0.0,V,70,Sittard-Geleen
2022-01-13,0.0,0.7000000000000028,24.0,-0.1999999999999993,0.2751545300000018,0.04649464999999997,2.0,4.0,0.0,M,70,Sittard-Geleen
2022-01-10,0.0,1.3000000000000114,-7.0,-3.04,0.5589895199999972,-0.009523159999999975,-0.75,0.0,0.0,V,61,Roerdalen
2022-01-10,0.0,-2.4000000000000057,-53.0,0.8599999999999994,-0.9375,-0.09677235000000006,-1.5,4.200000000000003,0.0,V,57,Roerdalen
2022-01-10,0.0,2.5999999999999943,29.0,-2.6499999999999995,1.015625,0.05570422000000008,3.5,-1.9000000000000021,0.0,V,57,Roerdalen
2022-01-10,0.0,3.0,279.0,-1.8600000000000003,1.002372279999996,0.45596048,-1.5,-3.299999999999997,0.0,V,57,Roerdalen
2022-01-10,0.0,-5.6000000000000085,20.0,-1.0099999999999998,-1.8710949299999982,0.01730339999999997,6.5,1.8999999999999986,0.0,V,57,Roerdalen
2022-01-10,0.0,2.6000000000000085,19.0,-1.5500000000000007,0.9785840699999966,0.03907117999999998,3.25,1.9999999999999964,0.0,V,54,Roerdalen
2022-01-10,0.0,-0.9000000000000057,-130.0,2.1100000000000003,-0.35599857999999784,-0.22478796,-9.0,7.699999999999999,0.0,V,56,Roerdalen
2022-01-10,0.0,0.29999999999999716,150.0,-2.3000000000000007,0.11866619999999983,0.2575267,3.5,-4.600000000000001,0.0,V,56,Roerdalen
2022-01-10,0.0,-2.4000000000000057,156.0,-1.1600000000000001,-0.7927071000000012,0.20039364000000004,1.5,5.0,0.0,V,32,Roerdalen
2021-12-13,0.0,-0.20000000000000284,-12.0,-2.0,-0.07630207000000055,-0.01939691999999993,-0.75,1.0,0.0,V,52,Roermond
2021-12-13,0.0,0.20000000000000284,60.0,0.5,0.07630207000000055,0.09515616999999998,4.75,5.099999999999998,0.0,V,52,Roermond
2021-12-13,0.0,-1.7999999999999972,22.0,-1.0,-0.7247030400000014,0.034235449999999945,2.5,4.600000000000001,0.0,V,58,Roermond
2021-12-13,0.0,-4.599999999999994,29.0,-1.0,-1.659316969999999,0.03803690000000004,1.0,6.0,0.0,V,62,Roermond
2021-12-13,0.0,0.8000000000000114,-17.0,0.0,0.2903178899999972,-0.026807040000000004,10.0,1.0,0.0,V,60,Roermond
2021-12-13,0.0,1.1999999999999886,70.0,0.2999999999999998,0.4354768500000006,0.12273414999999999,-1.25,3.3000000000000043,0.0,V,60,Roermond
2022-01-13,0.0,4.700000000000003,46.0,-0.14999999999999947,1.403445910000002,0.06600832000000001,2.0,-5.400000000000006,0.0,V,43,Sittard-Geleen
2021-12-13,0.0,0.30000000000001137,-17.0,0.1899999999999995,0.10641917000000234,-0.027460629999999986,1.0,-8.400000000000002,0.0,V,55,Roermond
2021-12-13,0.0,1.5999999999999943,-43.0,0.40000000000000036,0.5675688999999977,-0.06762973000000005,4.0,9.599999999999998,0.0,V,55,Roermond
2021-12-13,0.0,-0.29999999999999716,-10.0,-0.5,-0.12327416000000113,-0.018199840000000078,0.5,0.0,0.0,V,55,Roermond
2021-12-13,0.0,-2.200000000000003,-2.0,-0.5,-0.9040105199999999,-0.009020939999999977,1.75,-4.699999999999999,0.0,V,55,Roermond
2021-12-13,0.0,-5.799999999999997,148.0,1.0,-2.0574372600000004,0.21429789999999993,5.0,-3.400000000000002,0.0,V,48,Roermond
2021-12-13,0.0,-3.200000000000003,8.0,-0.40000000000000036,-1.2737712600000037,0.005312600000000001,7.5,-4.5,0.0,V,65,Roermond
2021-12-13,0.0,-2.5,30.0,-0.6200000000000001,-0.9238643400000015,0.038755879999999965,3.0,1.3000000000000007,0.0,V,38,Roermond
2021-12-13,0.0,0.5,78.0,0.0,0.1847728700000033,0.11293869000000001,-1.5,2.5,0.0,V,38,Roermond
2022-01-13,0.0,2.3999999999999915,22.600000000000023,-0.4800000000000004,0.9375,0.045696249999999994,-3.0,5.0,0.0,V,52,Sittard-Geleen
2022-01-13,0.0,-2.0999999999999943,-69.0,-0.71,-0.70573409,-0.09956648999999995,-0.5,1.1000000000000014,0.0,M,51,Sittard-Geleen
2022-01-13,0.0,-0.7999999999999972,40.0,0.2999999999999998,-0.24419279000000316,0.05336432999999996,-9.0,0.6000000000000014,0.0,V,44,Sittard-Geleen
2022-01-13,-0.09999999999999432,0.7000000000000028,86.0,-0.4900000000000002,0.2697096899999991,0.13067351000000005,-2.25,-1.1999999999999957,0.0,V,45,Sittard-Geleen
2022-01-13,0.0,-3.0999999999999943,64.0,0.5899999999999999,-1.4152666100000033,0.12853568999999998,-0.75,-1.7000000000000028,0.0,V,75,Sittard-Geleen
2022-01-13,0.0,-6.5,-130.0,0.09999999999999964,-2.0515086500000024,-0.20350082999999997,9.0,-2.8000000000000043,0.0,M,50,Sittard-Geleen
2022-01-13,0.0,-0.29999999999999716,40.0,-1.5999999999999996,-0.11154074000000236,0.06072526,2.0,-1.1000000000000014,0.0,V,46,Sittard-Geleen
2022-01-13,0.0,1.1999999999999886,43.0,0.04999999999999982,0.38739669000000276,0.07190280000000004,0.75,-2.1000000000000014,0.0,V,52,Sittard-Geleen
2022-01-13,0.0,-2.200000000000003,47.0,0.5499999999999998,-0.7350730100000007,0.06196493999999997,-2.25,0.8000000000000007,0.0,V,37,Sittard-Geleen
2022-01-13,0.0,-0.20000000000000284,60.0,-0.009999999999999787,-0.08062484999999953,0.08694555000000004,-2.0,-2.8000000000000043,0.0,V,34,Sittard-Geleen
2022-01-06,0.0,-7.400000000000006,80.0,0.9500000000000002,-2.718089990000003,0.11701401999999994,0.0,-3.6999999999999993,0.0,V,58,Sittard-Geleen
2022-01-06,0.0,-2.0999999999999943,102.0,-2.6500000000000004,-0.7440476200000035,0.15035127000000004,0.0,0.7000000000000028,0.0,M,56,Sittard-Geleen
2022-01-06,0.0,1.0999999999999943,-13.0,-0.1299999999999999,0.3739938200000026,-0.01595689,-0.25,3.3999999999999986,0.0,V,32,Sittard-Geleen
2022-01-06,0.0,-2.200000000000003,47.0,-0.9700000000000006,-0.6982741500000031,0.06666620000000001,1.5,-0.6000000000000014,0.0,M,61,Sittard-Geleen
2022-01-06,0.0,-2.799999999999997,-50.0,0.9399999999999995,-0.903925619999999,-0.07521938000000006,4.5,4.800000000000004,0.0,V,47,Sittard-Geleen
2022-01-06,0.0,-2.0,20.0,-0.8300000000000001,-0.7527569700000001,0.02815553000000004,0.0,1.0,0.0,V,58,Sittard-Geleen
2022-01-13,0.0,-2.4000000000000057,-20.0,0.08000000000000007,-0.8815427000000042,-0.04023677000000003,3.0,-1.1999999999999993,0.0,V,59,Sittard-Geleen
2022-01-13,0.0,-0.5,-10.0,-0.9700000000000006,-0.1928937899999994,-0.01862785,-4.0,-2.8000000000000007,0.0,V,57,Sittard-Geleen
2022-01-13,0.0,0.09999999999999432,-50.0,1.08,0.04031241999999935,-0.10247473000000007,-1.0,0.6000000000000014,0.0,V,69,Sittard-Geleen
2022-01-13,0.0,-4.5,120.0,-1.5200000000000005,-1.3735844499999956,0.16863143000000003,1.5,3.6000000000000014,0.0,M,59,Sittard-Geleen
2022-01-13,0.0,0.09999999999999432,-30.0,-0.05999999999999961,0.030524100000000942,-0.04317532000000002,-3.0,-3.5,0.0,M,56,Sittard-Geleen
2022-01-13,0.0,-14.299999999999997,10.0,-0.6799999999999997,-5.158311459999997,-0.009415500000000021,2.0,-0.6999999999999993,0.0,V,44,Sittard-Geleen
2022-01-13,0.0,-1.2000000000000028,70.0,-1.1600000000000001,-0.44616299999999853,0.10839432000000004,1.5,-0.10000000000000142,0.0,V,56,Sittard-Geleen
2022-01-10,0.0,-2.0999999999999943,135.0,-1.9,-0.8203125,0.16850909999999997,9.0,2.599999999999998,0.0,V,23,Roerdalen
2022-01-10,0.0,-0.5,115.0,-2.5999999999999996,-0.16514731000000182,0.19416182999999998,5.0,0.10000000000000142,0.0,V,60,Roerdalen
2021-12-13,0.0,0.0,108.0,-1.5,0.0,0.19420968000000005,4.0,2.700000000000003,0.0,M,80,Roermond
2022-01-10,0.0,0.5,15.0,0.009999999999999787,0.1881892399999998,0.028786300000000042,6.25,1.6999999999999993,0.0,V,63,Roerdalen
2022-01-10,0.0,-11.400000000000006,75.0,-3.700000000000001,-4.238548479999999,0.1014138200000001,0.25,-6.100000000000001,0.0,M,66,Roerdalen
2022-01-10,0.0,-3.4000000000000057,-17.0,-0.46999999999999975,-1.0378193499999995,-0.03540174000000007,0.0,-3.6999999999999957,0.0,M,69,Roerdalen
2022-01-10,0.0,-0.5999999999999943,30.0,0.08999999999999986,-0.2586732000000005,0.059406180000000086,1.0,-6.0,0.0,V,72,Roerdalen
2022-01-10,0.0,-5.6000000000000085,16.0,-1.1600000000000001,-2.069456119999998,0.01275831999999999,6.75,-2.799999999999997,0.0,V,78,Roerdalen
2022-01-10,0.0,-4.400000000000006,59.0,-0.8800000000000008,-1.4367347000000024,0.08714893000000001,-5.0,-0.29999999999999716,0.0,M,77,Roerdalen
2022-01-10,0.0,-3.4000000000000057,20.0,-0.5,-1.1627509399999987,0.02304470000000003,-0.5,-4.799999999999997,0.0,M,66,Roerdalen
2021-12-13,0.0,-3.299999999999997,-4.0,-1.0,-1.338796709999997,-0.016788960000000075,-0.75,3.1999999999999993,0.0,V,68,Roermond
2022-01-10,0.0,2.299999999999997,136.0,-2.8999999999999995,0.7865667999999992,0.21858761999999998,7.5,1.1000000000000014,0.0,V,60,Roerdalen
2021-12-13,0.0,-3.5,134.0,-1.5,-1.2110726599999992,0.17939751999999998,1.75,1.2000000000000028,0.0,V,30,Roermond
2021-12-13,0.0,-4.799999999999997,-56.0,0.0,-1.7846519899999933,-0.09912458000000002,10.5,-8.400000000000002,0.0,V,42,Roermond
2021-12-13,0.0,-0.29999999999999716,-17.0,-1.0999999999999996,-0.10331945000000076,-0.027769500000000003,5.5,1.6000000000000014,0.0,V,58,Roermond
2022-01-07,0.0,-2.5999999999999943,90.0,-1.21,-0.8489795900000026,0.12353617000000006,0.0,-1.0,0.0,M,64,Sittard-Geleen
2022-01-07,0.0,-0.10000000000002274,8.0,0.8799999999999999,-0.02890507000000042,0.011910389999999937,-4.0,7.399999999999999,0.0,M,58,Maasgouw
2022-01-07,0.0,0.09999999999999432,110.0,-1.6599999999999993,0.0341187000000005,0.18210519999999997,12.0,4.300000000000001,0.0,M,70,Maasgouw
2022-01-07,0.0,0.7000000000000028,12.0,0.2999999999999998,0.2531124699999978,0.022284370000000053,-4.5,7.399999999999999,0.0,V,67,Maasgouw
2022-01-07,0.0,-0.9000000000000057,-91.0,-1.7000000000000002,-0.27471689000000055,-0.1275719500000001,0.0,-15.200000000000003,0.0,M,50,Maasgouw
2021-12-13,0.0,0.7000000000000028,77.0,-1.2999999999999998,0.22857142999999525,0.11065798999999998,0.0,-4.700000000000003,0.0,V,38,Roermond
2022-05-09,0.0,0.20000000000000284,58.0,0.6999999999999993,0.0627702100000036,0.08959859999999997,0.0,4.200000000000003,0.0,M,65,Sittard-Geleen
2022-05-09,0.0,-1.0,215.0,0.2999999999999998,-0.3810394800000054,0.3811218999999999,5.5,-0.6999999999999993,0.0,V,63,Sittard-Geleen
2022-05-09,0.0,5.299999999999983,37.0,0.0,1.4452344800000034,0.05523529000000005,5.5,2.9000000000000057,0.0,M,38,Sittard-Geleen
2021-12-13,0.0,-1.0,-34.0,-2.3,-0.40777114000000125,-0.06678124000000007,8.5,0.6999999999999993,0.0,V,62,Roermond
2022-03-31,0.0,-1.2000000000000028,10.0,-1.7700000000000005,-0.4354768500000006,0.013436850000000056,2.6999999999999993,1.1000000000000014,0.0,V,56,Weert
2022-03-31,0.0,-2.700000000000003,135.0,-3.2700000000000005,-0.9917355399999934,0.29896659999999997,0.0,-0.5,0.0,V,76,Weert
2022-03-31,0.0,-0.29999999999999716,200.0,-3.4399999999999995,-0.11866619999999983,0.36138092,2.5,4.900000000000002,0.0,V,65,Weert
2022-03-31,0.0,2.5,-25.0,-0.17999999999999972,0.9888849399999984,-0.03796168,5.0,-1.1000000000000014,0.0,V,65,Weert
2022-03-31,0.0,-3.9000000000000057,195.0,-2.4799999999999995,-1.4152997600000035,0.3186899699999999,3.0,3.6000000000000014,0.0,V,63,Weert
2022-03-28,0.0,-2.0,70.0,-1.9299999999999997,-0.7715751699999984,0.12917106,9.25,0.6000000000000014,0.0,V,70,Weert
2022-03-31,0.0,-4.900000000000006,25.0,-3.7,-1.4792899500000019,0.03139875000000003,10.0,7.699999999999996,0.0,M,68,Weert
2022-02-09,-1.3000000000000114,0.7999999999999972,100.0,0.04999999999999982,0.8653190500000036,0.1939640399999999,4.5,-0.20000000000000284,0.0,V,62,Weert
2022-02-09,-0.5,-3.8000000000000114,210.0,-0.5899999999999999,-0.8927278099999967,0.26406549,-0.5,-1.5,0.0,M,35,Weert
2022-03-28,0.0,0.5999999999999943,137.0,-2.33,0.2203856799999997,0.2627060700000001,0.75,2.6999999999999993,0.0,V,73,Weert
2022-03-28,0.0,5.200000000000003,-2.0,-0.1499999999999999,1.910009180000003,0.015224200000000021,2.75,-4.199999999999999,0.0,V,73,Weert
2022-03-28,0.0,-8.099999999999994,220.0,-2.0700000000000003,-2.3924858199999974,0.31220229,3.5,6.200000000000003,0.0,M,63,Weert
2022-03-28,0.0,-4.0,0.0,-0.9899999999999993,-1.1814744800000057,-0.009829909999999997,0.25,-3.200000000000003,0.0,M,63,Weert
2022-03-25,0.0,-1.4000000000000057,53.0,-1.1499999999999995,-0.540102619999999,0.10578328000000004,7.500000000000002,-3.3000000000000007,0.0,V,70,Weert
2022-03-25,0.0,2.9000000000000057,30.0,-0.56,1.0034601999999992,0.046520030000000046,-0.10000000000000142,3.0,0.0,M,34,Weert
2022-03-25,0.0,1.5,20.0,0.09999999999999964,0.5251916899999998,0.03806619999999994,3.8000000000000007,1.9000000000000057,0.0,M,74,Weert
2022-04-28,0.0,-3.5999999999999943,35.0,-2.5700000000000003,-1.111111110000003,0.041613220000000006,2.0,8.100000000000001,-12.0,M,50,Stein
2022-04-14,0.0,-9.700000000000003,85.0,1.3400000000000007,-3.503201280000006,0.12371993000000003,16.75,-2.6000000000000014,-26.0,M,65,Stein
2022-04-14,0.0,1.0,116.0,-1.6899999999999995,0.3628973799999997,0.19261830999999996,-2.75,3.1000000000000014,-26.0,V,61,Stein
2022-02-11,0.0,-2.0,-4.0,-1.88,-0.7346189100000018,-0.011597990000000058,8.25,6.899999999999999,0.0,V,51,Roerdalen
2022-07-25,-0.5,1.5,21.0,2.16,0.695833099999998,0.04129123999999995,-1.75,-2.900000000000002,0.0,V,61,Echt-Susteren
2022-02-16,0.0,-0.20000000000000284,0.0,0.0,-0.06721277000000114,-0.0004254300000000599,0.0,1.8999999999999986,0.0,M,75,Sittard-Geleen
2022-03-03,0.0,-8.500000000000014,100.0,-1.0,-2.7285348599999963,0.14359168999999994,10.0,-8.0,0.0,V,53,Sittard-Geleen
2022-02-28,0.0,0.29999999999999716,5.0,-0.10999999999999943,0.118666189999999,0.008912799999999943,-5.0,-7.0,0.0,V,50,Sittard-Geleen
2022-02-28,0.0,-3.5,-7.0,-0.2400000000000002,-1.0451192899999988,-0.015468650000000084,-6.0,-9.700000000000003,0.0,M,53,Sittard-Geleen
2022-03-03,0.0,0.5999999999999943,40.0,-1.2800000000000002,0.21007668000000024,0.07067911000000004,5.0,-4.0,0.0,V,63,Sittard-Geleen
2022-02-28,0.0,-1.2999999999999972,60.0,-1.67,-0.5046534899999955,0.09470345000000002,-2.0,-4.800000000000001,0.0,V,49,Sittard-Geleen
2022-03-03,0.0,-2.4000000000000057,30.0,-1.9000000000000004,-0.8207653700000037,0.04034920999999991,-6.0,0.0,0.0,V,48,Sittard-Geleen
2022-02-28,0.0,-2.0999999999999943,60.0,-0.07000000000000028,-0.7529850400000058,0.10996846000000005,-3.75,-0.10000000000000142,0.0,V,68,Sittard-Geleen
2022-08-23,0.5,-3.0,35.0,-0.71,-1.2102351999999996,0.041125609999999924,-1.1000000000000014,6.599999999999998,0.0,V,53,Echt-Susteren
2022-08-23,0.5,-4.900000000000006,36.0,-2.4000000000000004,-2.353071189999998,0.045557690000000095,2.5,2.8000000000000007,0.0,V,67,Echt-Susteren
2022-08-23,0.5,0.0,22.0,-2.4699999999999998,-0.24114575000000116,0.03378428000000011,-1.5,4.300000000000004,0.0,V,58,Echt-Susteren
2022-08-23,-0.30000000000001137,0.7000000000000028,-19.0,-0.79,0.37715333999999956,-0.02444581999999995,-3.0,3.3999999999999986,0.0,V,42,Echt-Susteren
2022-11-30,0.0,-1.5,69.0,-0.5,-0.5283131800000014,0.11021393000000013,-0.5,-3.400000000000002,0.0,V,65,Sittard-Geleen
2022-11-30,0.0,-6.699999999999989,20.0,0.5,-2.4314123999999993,0.013870269999999962,0.0,-1.0,0.0,V,68,Sittard-Geleen
2022-11-30,0.0,0.29999999999999716,60.0,-0.09999999999999964,0.10566262999999765,0.09517319999999996,0.5,1.2999999999999972,0.0,V,51,Sittard-Geleen
2022-11-30,0.0,-2.0,87.0,-0.8999999999999995,-0.7128536499999996,0.13533667000000005,4.0,0.0,0.0,V,62,Sittard-Geleen
2022-11-30,0.0,-0.5,51.0,-1.1000000000000005,-0.15605005999999833,0.08341128999999992,-4.5,-8.899999999999999,0.0,M,72,Sittard-Geleen
2022-11-30,0.0,-0.20000000000000284,45.0,-0.7000000000000002,-0.06420083000000076,0.06964345000000005,1.5,0.09999999999999432,0.0,M,71,Sittard-Geleen
2022-11-30,0.0,-3.200000000000003,-24.0,-0.40000000000000036,-1.2044111599999994,-0.05914883999999998,4.0,-4.300000000000001,0.0,V,69,Sittard-Geleen
2022-11-30,0.0,-2.8999999999999915,30.0,-0.39999999999999947,-0.8659559800000025,0.03461382000000002,1.5,-0.7000000000000028,0.0,M,47,Sittard-Geleen
2022-11-30,0.0,0.20000000000000284,23.0,0.0,0.06004878999999974,0.033379990000000026,-4.0,0.5999999999999943,0.0,M,61,Sittard-Geleen
2022-11-30,0.0,-5.0,75.0,-1.2999999999999998,-1.9289379300000036,0.11064583000000006,5.0,0.0,0.0,M,62,Sittard-Geleen
2022-11-30,0.0,0.7999999999999972,111.0,-0.2999999999999998,0.2868514399999995,0.17186132999999992,3.5,-1.7999999999999972,0.0,M,61,Sittard-Geleen
2022-11-30,0.0,-6.3999999999999915,-18.0,0.40000000000000036,-1.997440779999998,-0.033912810000000015,0.5,-1.1999999999999957,0.0,M,55,Sittard-Geleen
2023-01-04,0.0,-1.2999999999999972,50.0,-0.3000000000000007,-0.4717665800000006,0.07996150999999996,7.5,7.900000000000002,0.0,V,63,Roerdalen
2022-11-30,0.0,0.8999999999999915,-29.0,-1.7000000000000002,0.31141869000000355,-0.04621424000000007,2.5,-5.200000000000003,0.0,V,59,Sittard-Geleen
2022-11-30,0.0,1.0999999999999943,-33.0,0.7999999999999998,0.36753649999999993,-0.04399164,2.0,4.5,0.0,M,45,Sittard-Geleen
2022-11-30,0.0,0.5,1.0,-0.6999999999999993,0.17506389999999783,0.0031955300000000575,-3.0,0.3000000000000007,0.0,V,59,Sittard-Geleen
2022-11-30,0.0,-6.5,-83.0,-0.9999999999999991,-2.006172840000005,-0.13403987000000006,0.0,2.700000000000003,0.0,M,61,Sittard-Geleen
2022-11-30,0.0,-2.0,-26.0,-0.7000000000000002,-0.6493453799999997,-0.04227586999999999,1.5,9.700000000000003,0.0,V,51,Sittard-Geleen
2023-01-04,0.0,-0.4000000000000057,0.0,-1.2000000000000002,-0.14515894999999546,-0.0009580599999999828,2.0,-0.10000000000000142,0.0,V,39,Roerdalen
2023-01-04,0.0,-1.0,-20.0,-1.2000000000000002,-0.390625,-0.03965622000000002,0.0,0.6999999999999993,0.0,V,59,Roerdalen
2023-01-04,0.0,2.5,-30.0,-0.2999999999999998,0.7547397599999996,-0.03827082000000004,2.0,12.8,0.0,V,46,Roerdalen
2023-01-04,0.0,-1.0999999999999943,10.0,-1.2000000000000002,-0.3806228400000009,0.013143670000000052,-3.5,6.900000000000002,0.0,V,61,Roerdalen
2023-01-04,0.0,-11.100000000000009,-95.0,-0.5,-4.028160839999998,-0.21638057999999993,0.0,-1.5,0.0,V,66,Roerdalen
2023-01-04,0.0,-2.700000000000003,-20.0,-1.2999999999999998,-0.9917355299999997,-0.04008733000000009,-9.25,-2.8000000000000007,0.0,V,57,Roerdalen
2023-02-16,0.0,-0.5999999999999943,190.0,-2.7799999999999994,-0.20399664000000328,0.29440718999999993,6.0,10.199999999999996,0.0,M,69,Weert
2023-02-16,0.0,-2.0,-8.0,-1.5,-0.9382623400000014,-0.025258799999999915,7.75,1.3000000000000007,0.0,V,71,Weert
2023-02-08,0.0,2.1999999999999886,83.0,0.7999999999999998,0.7612456799999983,0.14265028000000002,2.5,1.1999999999999957,0.0,M,70,Sittard-Geleen
2023-02-14,0.5,-2.5,53.0,1.2000000000000002,-1.0060089800000007,0.07629392000000002,-2.4499999999999993,2.1000000000000014,0.0,V,64,Echt-Susteren
2023-02-14,0.0,0.0,0.0,-0.41000000000000014,0.0,0.0,3.25,-0.3999999999999986,0.0,V,43,Echt-Susteren
2023-02-14,0.0,0.5,18.0,-0.33000000000000007,0.19653894999999721,0.03866362999999995,9.5,1.5,0.0,V,63,Echt-Susteren
2023-02-14,1.0,3.0,25.0,-0.6599999999999993,0.5733966000000024,0.031974579999999975,-8.5,-1.2000000000000028,0.0,M,43,Echt-Susteren
2023-03-07,0.5,-10.0,120.0,-3.0,-3.505167429999993,0.16093179000000002,8.0,4.399999999999999,0.0,M,57,Kerkrade
2023-02-14,-1.0,-12.0,22.0,-0.009999999999999787,-3.6259555499999934,0.01424839,-10.0,6.899999999999999,0.0,V,33,Echt-Susteren
2023-02-14,0.0,-7.5,55.0,-0.28000000000000025,-2.754820940000002,0.07413875000000003,2.25,5.200000000000003,0.0,V,58,Echt-Susteren
2023-02-14,-2.0,-3.0,28.0,-0.33999999999999986,-0.4607850400000011,0.06093877999999997,-3.25,-4.300000000000001,0.0,V,63,Echt-Susteren
2023-02-14,-0.5,-7.0,75.0,-0.39999999999999947,-2.317382969999997,0.09325486999999999,-1.0,1.6000000000000014,0.0,V,31,Echt-Susteren
2023-02-14,0.0,-0.5,315.0,-0.39999999999999947,-0.1847728700000033,0.5367929599999999,-4.5,-6.0,0.0,V,60,Echt-Susteren
2023-02-14,0.0,3.0,28.0,-0.25,1.014061649999995,0.043842140000000085,-1.5,-3.8999999999999986,0.0,V,31,Echt-Susteren
2023-03-07,-0.19999999999998863,-2.4000000000000057,68.0,-2.0,-0.8206526399999987,0.12782272000000006,3.25,-1.5,0.0,V,65,Kerkrade
2022-11-30,0.0,-5.5,41.0,-0.40000000000000036,-1.9257028900000037,0.053519359999999905,4.5,1.3999999999999986,0.0,V,51,Sittard-Geleen
2023-03-01,0.0,0.4000000000000057,-38.0,1.0,0.15055138999999684,-0.05283389000000005,1.0,-2.1000000000000014,-5.0,V,27,Roermond
2023-03-01,0.0,3.200000000000003,-202.0,1.88,1.1682989399999997,-0.30776559000000003,-2.0,2.5,0.0,V,47,Roermond
2023-03-01,0.0,-2.8000000000000114,64.0,1.13,-1.143218779999998,0.09848785000000004,0.5,3.5,0.0,V,49,Roermond
2023-03-07,-0.5,0.4000000000000057,55.0,-5.0,0.40567654000000175,0.11474609000000002,-0.5,6.400000000000002,0.0,V,66,Kerkrade
2023-03-07,0.0,-2.799999999999997,121.0,-2.0,-1.09375,0.18010682,2.0,0.29999999999999716,0.0,V,42,Kerkrade
2023-03-07,-0.19999999999998863,0.0,109.0,-1.0,0.10352672999999868,0.17095037999999996,2.25,3.6999999999999993,0.0,V,41,Kerkrade
2023-03-07,0.5,-1.2999999999999972,175.0,-4.0,-0.6959134999999961,0.3150294,1.0,2.3999999999999986,0.0,V,63,Kerkrade
2023-03-07,-0.5999999999999943,-1.4000000000000057,90.0,-1.0,-0.31680782999999835,0.14924442000000004,-1.0,1.3999999999999986,0.0,V,62,Kerkrade
2023-03-01,0.0,-2.9000000000000057,72.0,1.02,-1.1993258899999972,0.11464380000000007,0.5,2.6999999999999957,0.0,V,45,Roermond
2023-03-01,0.0,-3.4000000000000057,39.0,0.3100000000000005,-1.251885190000003,0.05452534000000009,1.0,0.0,0.0,V,48,Roermond
2023-03-01,0.0,-1.2000000000000028,9.0,0.0,-0.4658339799999993,0.01215299999999997,0.6000000000000014,7.399999999999999,0.0,V,54,Roermond
2023-03-01,0.0,-7.300000000000011,31.0,-0.3299999999999992,-2.467550029999998,0.03314415999999998,7.100000000000001,3.900000000000002,0.0,V,56,Roermond
2023-02-08,0.0,1.8000000000000114,90.0,-0.39999999999999947,0.5316635099999978,0.1267323800000001,4.5,-0.7000000000000028,0.0,M,55,Sittard-Geleen
2023-02-08,0.0,1.0999999999999943,40.0,-0.2999999999999998,0.4040404000000031,0.07561240000000002,21.25,-1.1999999999999993,0.0,V,66,Sittard-Geleen
2023-02-08,0.0,-3.200000000000003,88.0,0.40000000000000036,-1.18976799,0.15380475999999998,20.5,2.3999999999999986,0.0,V,55,Sittard-Geleen
2023-02-16,0.0,0.20000000000000284,70.0,-0.919999999999999,0.06071230999999955,0.11483006000000007,0.0,-5.5,0.0,M,73,Weert
2023-03-01,0.0,0.9000000000000057,57.0,-0.010000000000000231,0.35599858000000495,0.10399808999999993,-1.25,3.6000000000000014,-1.0,V,55,Beekdaelen
2023-03-01,0.0,-0.19999999999998863,42.0,-0.40000000000000036,-0.059721109999998134,0.06273032,-4.5,4.5,-1.0,M,59,Beekdaelen
2023-03-01,0.0,-9.899999999999991,5.0,0.3999999999999999,-3.1600114900000023,-0.01865198999999995,1.5,5.299999999999997,-1.0,V,43,Beekdaelen
2023-03-01,0.0,-2.3999999999999915,64.0,1.0,-0.7325783700000024,0.08658465999999998,0.0,-1.6000000000000014,-1.0,M,63,Beekdaelen
2023-03-01,0.0,0.0,25.0,-0.5,0.0,0.04847028000000009,1.75,1.5,0.0,V,64,Beekdaelen
2023-03-01,0.0,-4.6000000000000085,45.0,-0.6000000000000005,-1.7102915000000039,0.05981584999999989,4.0,2.3999999999999986,-1.0,V,47,Beekdaelen
